{
 "cells": [
  {
   "cell_type": "code",
   "execution_count": 1,
   "metadata": {},
   "outputs": [],
   "source": [
    "\"\"\"import packages you need\"\"\"\n",
    "import numpy as np\n",
    "import pandas as pd"
   ]
  },
  {
   "cell_type": "code",
   "execution_count": 2,
   "metadata": {},
   "outputs": [
    {
     "data": {
      "text/html": [
       "<div>\n",
       "<style scoped>\n",
       "    .dataframe tbody tr th:only-of-type {\n",
       "        vertical-align: middle;\n",
       "    }\n",
       "\n",
       "    .dataframe tbody tr th {\n",
       "        vertical-align: top;\n",
       "    }\n",
       "\n",
       "    .dataframe thead th {\n",
       "        text-align: right;\n",
       "    }\n",
       "</style>\n",
       "<table border=\"1\" class=\"dataframe\">\n",
       "  <thead>\n",
       "    <tr style=\"text-align: right;\">\n",
       "      <th></th>\n",
       "      <th>Explanation</th>\n",
       "      <th>Frequency</th>\n",
       "      <th>Speed</th>\n",
       "      <th>Amplitude</th>\n",
       "      <th>Passes</th>\n",
       "      <th>Focal Position</th>\n",
       "      <th>Depth</th>\n",
       "      <th>Angle</th>\n",
       "    </tr>\n",
       "  </thead>\n",
       "  <tbody>\n",
       "    <tr>\n",
       "      <th>0</th>\n",
       "      <td>Midplane Focus</td>\n",
       "      <td>600.0</td>\n",
       "      <td>15.0</td>\n",
       "      <td>0.5</td>\n",
       "      <td>20</td>\n",
       "      <td>93.87</td>\n",
       "      <td>620.696667</td>\n",
       "      <td>44.100000</td>\n",
       "    </tr>\n",
       "    <tr>\n",
       "      <th>1</th>\n",
       "      <td>NaN</td>\n",
       "      <td>600.0</td>\n",
       "      <td>15.0</td>\n",
       "      <td>0.5</td>\n",
       "      <td>40</td>\n",
       "      <td>93.87</td>\n",
       "      <td>686.676667</td>\n",
       "      <td>40.000000</td>\n",
       "    </tr>\n",
       "    <tr>\n",
       "      <th>2</th>\n",
       "      <td>NaN</td>\n",
       "      <td>600.0</td>\n",
       "      <td>15.0</td>\n",
       "      <td>0.5</td>\n",
       "      <td>60</td>\n",
       "      <td>93.87</td>\n",
       "      <td>710.660000</td>\n",
       "      <td>38.110000</td>\n",
       "    </tr>\n",
       "    <tr>\n",
       "      <th>3</th>\n",
       "      <td>NaN</td>\n",
       "      <td>600.0</td>\n",
       "      <td>15.0</td>\n",
       "      <td>0.5</td>\n",
       "      <td>80</td>\n",
       "      <td>93.87</td>\n",
       "      <td>730.803333</td>\n",
       "      <td>37.556667</td>\n",
       "    </tr>\n",
       "    <tr>\n",
       "      <th>4</th>\n",
       "      <td>NaN</td>\n",
       "      <td>600.0</td>\n",
       "      <td>15.0</td>\n",
       "      <td>0.5</td>\n",
       "      <td>100</td>\n",
       "      <td>93.87</td>\n",
       "      <td>736.666667</td>\n",
       "      <td>37.440000</td>\n",
       "    </tr>\n",
       "  </tbody>\n",
       "</table>\n",
       "</div>"
      ],
      "text/plain": [
       "      Explanation  Frequency  Speed  Amplitude  Passes  Focal Position  \\\n",
       "0  Midplane Focus      600.0   15.0        0.5      20           93.87   \n",
       "1             NaN      600.0   15.0        0.5      40           93.87   \n",
       "2             NaN      600.0   15.0        0.5      60           93.87   \n",
       "3             NaN      600.0   15.0        0.5      80           93.87   \n",
       "4             NaN      600.0   15.0        0.5     100           93.87   \n",
       "\n",
       "        Depth      Angle  \n",
       "0  620.696667  44.100000  \n",
       "1  686.676667  40.000000  \n",
       "2  710.660000  38.110000  \n",
       "3  730.803333  37.556667  \n",
       "4  736.666667  37.440000  "
      ]
     },
     "metadata": {},
     "output_type": "display_data"
    },
    {
     "name": "stdout",
     "output_type": "stream",
     "text": [
      "(189, 7)\n"
     ]
    },
    {
     "data": {
      "text/html": [
       "<div>\n",
       "<style scoped>\n",
       "    .dataframe tbody tr th:only-of-type {\n",
       "        vertical-align: middle;\n",
       "    }\n",
       "\n",
       "    .dataframe tbody tr th {\n",
       "        vertical-align: top;\n",
       "    }\n",
       "\n",
       "    .dataframe thead th {\n",
       "        text-align: right;\n",
       "    }\n",
       "</style>\n",
       "<table border=\"1\" class=\"dataframe\">\n",
       "  <thead>\n",
       "    <tr style=\"text-align: right;\">\n",
       "      <th></th>\n",
       "      <th>Frequency</th>\n",
       "      <th>Speed</th>\n",
       "      <th>Amplitude</th>\n",
       "      <th>Passes</th>\n",
       "      <th>Focal Position</th>\n",
       "      <th>Depth</th>\n",
       "      <th>Angle</th>\n",
       "    </tr>\n",
       "  </thead>\n",
       "  <tbody>\n",
       "    <tr>\n",
       "      <th>0</th>\n",
       "      <td>600.0</td>\n",
       "      <td>15.0</td>\n",
       "      <td>0.5</td>\n",
       "      <td>20</td>\n",
       "      <td>93.87</td>\n",
       "      <td>620.696667</td>\n",
       "      <td>44.100000</td>\n",
       "    </tr>\n",
       "    <tr>\n",
       "      <th>1</th>\n",
       "      <td>600.0</td>\n",
       "      <td>15.0</td>\n",
       "      <td>0.5</td>\n",
       "      <td>40</td>\n",
       "      <td>93.87</td>\n",
       "      <td>686.676667</td>\n",
       "      <td>40.000000</td>\n",
       "    </tr>\n",
       "    <tr>\n",
       "      <th>2</th>\n",
       "      <td>600.0</td>\n",
       "      <td>15.0</td>\n",
       "      <td>0.5</td>\n",
       "      <td>60</td>\n",
       "      <td>93.87</td>\n",
       "      <td>710.660000</td>\n",
       "      <td>38.110000</td>\n",
       "    </tr>\n",
       "    <tr>\n",
       "      <th>3</th>\n",
       "      <td>600.0</td>\n",
       "      <td>15.0</td>\n",
       "      <td>0.5</td>\n",
       "      <td>80</td>\n",
       "      <td>93.87</td>\n",
       "      <td>730.803333</td>\n",
       "      <td>37.556667</td>\n",
       "    </tr>\n",
       "    <tr>\n",
       "      <th>4</th>\n",
       "      <td>600.0</td>\n",
       "      <td>15.0</td>\n",
       "      <td>0.5</td>\n",
       "      <td>100</td>\n",
       "      <td>93.87</td>\n",
       "      <td>736.666667</td>\n",
       "      <td>37.440000</td>\n",
       "    </tr>\n",
       "  </tbody>\n",
       "</table>\n",
       "</div>"
      ],
      "text/plain": [
       "   Frequency  Speed  Amplitude  Passes  Focal Position       Depth      Angle\n",
       "0      600.0   15.0        0.5      20           93.87  620.696667  44.100000\n",
       "1      600.0   15.0        0.5      40           93.87  686.676667  40.000000\n",
       "2      600.0   15.0        0.5      60           93.87  710.660000  38.110000\n",
       "3      600.0   15.0        0.5      80           93.87  730.803333  37.556667\n",
       "4      600.0   15.0        0.5     100           93.87  736.666667  37.440000"
      ]
     },
     "execution_count": 2,
     "metadata": {},
     "output_type": "execute_result"
    }
   ],
   "source": [
    "### read data from an excel file \n",
    "df1 = pd.read_excel('Machine Learning Data.xlsx')\n",
    "display(df1.head())\n",
    "\n",
    "### drop the first colums named `Explanation`, you can ues\n",
    "# df1.dropna(how='any', axis=1, inplace = True) # drop any column (axis=1) that has Nan value in \n",
    "df1.drop('Explanation', inplace = True, axis = 'columns')\n",
    "\n",
    "print(df1.shape)\n",
    "df1.head()"
   ]
  },
  {
   "cell_type": "code",
   "execution_count": 4,
   "metadata": {},
   "outputs": [
    {
     "data": {
      "text/html": [
       "<div>\n",
       "<style scoped>\n",
       "    .dataframe tbody tr th:only-of-type {\n",
       "        vertical-align: middle;\n",
       "    }\n",
       "\n",
       "    .dataframe tbody tr th {\n",
       "        vertical-align: top;\n",
       "    }\n",
       "\n",
       "    .dataframe thead th {\n",
       "        text-align: right;\n",
       "    }\n",
       "</style>\n",
       "<table border=\"1\" class=\"dataframe\">\n",
       "  <thead>\n",
       "    <tr style=\"text-align: right;\">\n",
       "      <th></th>\n",
       "      <th>Frequency</th>\n",
       "      <th>Speed</th>\n",
       "      <th>Amplitude</th>\n",
       "      <th>Passes</th>\n",
       "      <th>Focal Position</th>\n",
       "      <th>Depth</th>\n",
       "      <th>Angle</th>\n",
       "    </tr>\n",
       "  </thead>\n",
       "  <tbody>\n",
       "    <tr>\n",
       "      <th>Frequency</th>\n",
       "      <td>1.000000</td>\n",
       "      <td>0.723005</td>\n",
       "      <td>-0.463144</td>\n",
       "      <td>0.293217</td>\n",
       "      <td>-0.263918</td>\n",
       "      <td>-0.266211</td>\n",
       "      <td>-0.125346</td>\n",
       "    </tr>\n",
       "    <tr>\n",
       "      <th>Speed</th>\n",
       "      <td>0.723005</td>\n",
       "      <td>1.000000</td>\n",
       "      <td>-0.387851</td>\n",
       "      <td>0.382337</td>\n",
       "      <td>-0.190791</td>\n",
       "      <td>-0.315142</td>\n",
       "      <td>0.056314</td>\n",
       "    </tr>\n",
       "    <tr>\n",
       "      <th>Amplitude</th>\n",
       "      <td>-0.463144</td>\n",
       "      <td>-0.387851</td>\n",
       "      <td>1.000000</td>\n",
       "      <td>-0.450674</td>\n",
       "      <td>0.376932</td>\n",
       "      <td>-0.151250</td>\n",
       "      <td>0.543039</td>\n",
       "    </tr>\n",
       "    <tr>\n",
       "      <th>Passes</th>\n",
       "      <td>0.293217</td>\n",
       "      <td>0.382337</td>\n",
       "      <td>-0.450674</td>\n",
       "      <td>1.000000</td>\n",
       "      <td>-0.387754</td>\n",
       "      <td>0.311235</td>\n",
       "      <td>-0.205304</td>\n",
       "    </tr>\n",
       "    <tr>\n",
       "      <th>Focal Position</th>\n",
       "      <td>-0.263918</td>\n",
       "      <td>-0.190791</td>\n",
       "      <td>0.376932</td>\n",
       "      <td>-0.387754</td>\n",
       "      <td>1.000000</td>\n",
       "      <td>-0.342300</td>\n",
       "      <td>0.461602</td>\n",
       "    </tr>\n",
       "    <tr>\n",
       "      <th>Depth</th>\n",
       "      <td>-0.266211</td>\n",
       "      <td>-0.315142</td>\n",
       "      <td>-0.151250</td>\n",
       "      <td>0.311235</td>\n",
       "      <td>-0.342300</td>\n",
       "      <td>1.000000</td>\n",
       "      <td>-0.503174</td>\n",
       "    </tr>\n",
       "    <tr>\n",
       "      <th>Angle</th>\n",
       "      <td>-0.125346</td>\n",
       "      <td>0.056314</td>\n",
       "      <td>0.543039</td>\n",
       "      <td>-0.205304</td>\n",
       "      <td>0.461602</td>\n",
       "      <td>-0.503174</td>\n",
       "      <td>1.000000</td>\n",
       "    </tr>\n",
       "  </tbody>\n",
       "</table>\n",
       "</div>"
      ],
      "text/plain": [
       "                Frequency     Speed  Amplitude    Passes  Focal Position  \\\n",
       "Frequency        1.000000  0.723005  -0.463144  0.293217       -0.263918   \n",
       "Speed            0.723005  1.000000  -0.387851  0.382337       -0.190791   \n",
       "Amplitude       -0.463144 -0.387851   1.000000 -0.450674        0.376932   \n",
       "Passes           0.293217  0.382337  -0.450674  1.000000       -0.387754   \n",
       "Focal Position  -0.263918 -0.190791   0.376932 -0.387754        1.000000   \n",
       "Depth           -0.266211 -0.315142  -0.151250  0.311235       -0.342300   \n",
       "Angle           -0.125346  0.056314   0.543039 -0.205304        0.461602   \n",
       "\n",
       "                   Depth     Angle  \n",
       "Frequency      -0.266211 -0.125346  \n",
       "Speed          -0.315142  0.056314  \n",
       "Amplitude      -0.151250  0.543039  \n",
       "Passes          0.311235 -0.205304  \n",
       "Focal Position -0.342300  0.461602  \n",
       "Depth           1.000000 -0.503174  \n",
       "Angle          -0.503174  1.000000  "
      ]
     },
     "execution_count": 4,
     "metadata": {},
     "output_type": "execute_result"
    }
   ],
   "source": [
    "### Get the correlation between different features in the data \n",
    "df1.corr(method='pearson')"
   ]
  },
  {
   "cell_type": "code",
   "execution_count": 5,
   "metadata": {},
   "outputs": [
    {
     "data": {
      "text/html": [
       "<div>\n",
       "<style scoped>\n",
       "    .dataframe tbody tr th:only-of-type {\n",
       "        vertical-align: middle;\n",
       "    }\n",
       "\n",
       "    .dataframe tbody tr th {\n",
       "        vertical-align: top;\n",
       "    }\n",
       "\n",
       "    .dataframe thead th {\n",
       "        text-align: right;\n",
       "    }\n",
       "</style>\n",
       "<table border=\"1\" class=\"dataframe\">\n",
       "  <thead>\n",
       "    <tr style=\"text-align: right;\">\n",
       "      <th></th>\n",
       "      <th>Frequency</th>\n",
       "      <th>Speed</th>\n",
       "      <th>Amplitude</th>\n",
       "      <th>Passes</th>\n",
       "      <th>Focal Position</th>\n",
       "      <th>Depth</th>\n",
       "      <th>Angle</th>\n",
       "    </tr>\n",
       "  </thead>\n",
       "  <tbody>\n",
       "    <tr>\n",
       "      <th>Frequency</th>\n",
       "      <td>1.000000</td>\n",
       "      <td>0.738290</td>\n",
       "      <td>-0.582861</td>\n",
       "      <td>0.323237</td>\n",
       "      <td>-0.098904</td>\n",
       "      <td>-0.208324</td>\n",
       "      <td>-0.078832</td>\n",
       "    </tr>\n",
       "    <tr>\n",
       "      <th>Speed</th>\n",
       "      <td>0.738290</td>\n",
       "      <td>1.000000</td>\n",
       "      <td>-0.458491</td>\n",
       "      <td>0.390174</td>\n",
       "      <td>0.026116</td>\n",
       "      <td>-0.293751</td>\n",
       "      <td>0.085561</td>\n",
       "    </tr>\n",
       "    <tr>\n",
       "      <th>Amplitude</th>\n",
       "      <td>-0.582861</td>\n",
       "      <td>-0.458491</td>\n",
       "      <td>1.000000</td>\n",
       "      <td>-0.439879</td>\n",
       "      <td>0.115544</td>\n",
       "      <td>-0.024891</td>\n",
       "      <td>0.493547</td>\n",
       "    </tr>\n",
       "    <tr>\n",
       "      <th>Passes</th>\n",
       "      <td>0.323237</td>\n",
       "      <td>0.390174</td>\n",
       "      <td>-0.439879</td>\n",
       "      <td>1.000000</td>\n",
       "      <td>-0.258138</td>\n",
       "      <td>0.350555</td>\n",
       "      <td>-0.206807</td>\n",
       "    </tr>\n",
       "    <tr>\n",
       "      <th>Focal Position</th>\n",
       "      <td>-0.098904</td>\n",
       "      <td>0.026116</td>\n",
       "      <td>0.115544</td>\n",
       "      <td>-0.258138</td>\n",
       "      <td>1.000000</td>\n",
       "      <td>-0.208497</td>\n",
       "      <td>0.087028</td>\n",
       "    </tr>\n",
       "    <tr>\n",
       "      <th>Depth</th>\n",
       "      <td>-0.208324</td>\n",
       "      <td>-0.293751</td>\n",
       "      <td>-0.024891</td>\n",
       "      <td>0.350555</td>\n",
       "      <td>-0.208497</td>\n",
       "      <td>1.000000</td>\n",
       "      <td>-0.594097</td>\n",
       "    </tr>\n",
       "    <tr>\n",
       "      <th>Angle</th>\n",
       "      <td>-0.078832</td>\n",
       "      <td>0.085561</td>\n",
       "      <td>0.493547</td>\n",
       "      <td>-0.206807</td>\n",
       "      <td>0.087028</td>\n",
       "      <td>-0.594097</td>\n",
       "      <td>1.000000</td>\n",
       "    </tr>\n",
       "  </tbody>\n",
       "</table>\n",
       "</div>"
      ],
      "text/plain": [
       "                Frequency     Speed  Amplitude    Passes  Focal Position  \\\n",
       "Frequency        1.000000  0.738290  -0.582861  0.323237       -0.098904   \n",
       "Speed            0.738290  1.000000  -0.458491  0.390174        0.026116   \n",
       "Amplitude       -0.582861 -0.458491   1.000000 -0.439879        0.115544   \n",
       "Passes           0.323237  0.390174  -0.439879  1.000000       -0.258138   \n",
       "Focal Position  -0.098904  0.026116   0.115544 -0.258138        1.000000   \n",
       "Depth           -0.208324 -0.293751  -0.024891  0.350555       -0.208497   \n",
       "Angle           -0.078832  0.085561   0.493547 -0.206807        0.087028   \n",
       "\n",
       "                   Depth     Angle  \n",
       "Frequency      -0.208324 -0.078832  \n",
       "Speed          -0.293751  0.085561  \n",
       "Amplitude      -0.024891  0.493547  \n",
       "Passes          0.350555 -0.206807  \n",
       "Focal Position -0.208497  0.087028  \n",
       "Depth           1.000000 -0.594097  \n",
       "Angle          -0.594097  1.000000  "
      ]
     },
     "execution_count": 5,
     "metadata": {},
     "output_type": "execute_result"
    }
   ],
   "source": [
    "df1.corr(method='spearman')"
   ]
  },
  {
   "cell_type": "code",
   "execution_count": 6,
   "metadata": {},
   "outputs": [
    {
     "data": {
      "text/html": [
       "<div>\n",
       "<style scoped>\n",
       "    .dataframe tbody tr th:only-of-type {\n",
       "        vertical-align: middle;\n",
       "    }\n",
       "\n",
       "    .dataframe tbody tr th {\n",
       "        vertical-align: top;\n",
       "    }\n",
       "\n",
       "    .dataframe thead th {\n",
       "        text-align: right;\n",
       "    }\n",
       "</style>\n",
       "<table border=\"1\" class=\"dataframe\">\n",
       "  <thead>\n",
       "    <tr style=\"text-align: right;\">\n",
       "      <th></th>\n",
       "      <th>Frequency</th>\n",
       "      <th>Speed</th>\n",
       "      <th>Amplitude</th>\n",
       "      <th>Passes</th>\n",
       "      <th>Focal Position</th>\n",
       "      <th>Depth</th>\n",
       "      <th>Angle</th>\n",
       "    </tr>\n",
       "  </thead>\n",
       "  <tbody>\n",
       "    <tr>\n",
       "      <th>Frequency</th>\n",
       "      <td>1.000000</td>\n",
       "      <td>0.635803</td>\n",
       "      <td>-0.473124</td>\n",
       "      <td>0.249639</td>\n",
       "      <td>-0.086737</td>\n",
       "      <td>-0.180495</td>\n",
       "      <td>-0.045658</td>\n",
       "    </tr>\n",
       "    <tr>\n",
       "      <th>Speed</th>\n",
       "      <td>0.635803</td>\n",
       "      <td>1.000000</td>\n",
       "      <td>-0.374342</td>\n",
       "      <td>0.299816</td>\n",
       "      <td>0.016853</td>\n",
       "      <td>-0.225976</td>\n",
       "      <td>0.063854</td>\n",
       "    </tr>\n",
       "    <tr>\n",
       "      <th>Amplitude</th>\n",
       "      <td>-0.473124</td>\n",
       "      <td>-0.374342</td>\n",
       "      <td>1.000000</td>\n",
       "      <td>-0.374556</td>\n",
       "      <td>0.093173</td>\n",
       "      <td>0.003085</td>\n",
       "      <td>0.378708</td>\n",
       "    </tr>\n",
       "    <tr>\n",
       "      <th>Passes</th>\n",
       "      <td>0.249639</td>\n",
       "      <td>0.299816</td>\n",
       "      <td>-0.374556</td>\n",
       "      <td>1.000000</td>\n",
       "      <td>-0.229776</td>\n",
       "      <td>0.256139</td>\n",
       "      <td>-0.138409</td>\n",
       "    </tr>\n",
       "    <tr>\n",
       "      <th>Focal Position</th>\n",
       "      <td>-0.086737</td>\n",
       "      <td>0.016853</td>\n",
       "      <td>0.093173</td>\n",
       "      <td>-0.229776</td>\n",
       "      <td>1.000000</td>\n",
       "      <td>-0.154135</td>\n",
       "      <td>0.060560</td>\n",
       "    </tr>\n",
       "    <tr>\n",
       "      <th>Depth</th>\n",
       "      <td>-0.180495</td>\n",
       "      <td>-0.225976</td>\n",
       "      <td>0.003085</td>\n",
       "      <td>0.256139</td>\n",
       "      <td>-0.154135</td>\n",
       "      <td>1.000000</td>\n",
       "      <td>-0.458360</td>\n",
       "    </tr>\n",
       "    <tr>\n",
       "      <th>Angle</th>\n",
       "      <td>-0.045658</td>\n",
       "      <td>0.063854</td>\n",
       "      <td>0.378708</td>\n",
       "      <td>-0.138409</td>\n",
       "      <td>0.060560</td>\n",
       "      <td>-0.458360</td>\n",
       "      <td>1.000000</td>\n",
       "    </tr>\n",
       "  </tbody>\n",
       "</table>\n",
       "</div>"
      ],
      "text/plain": [
       "                Frequency     Speed  Amplitude    Passes  Focal Position  \\\n",
       "Frequency        1.000000  0.635803  -0.473124  0.249639       -0.086737   \n",
       "Speed            0.635803  1.000000  -0.374342  0.299816        0.016853   \n",
       "Amplitude       -0.473124 -0.374342   1.000000 -0.374556        0.093173   \n",
       "Passes           0.249639  0.299816  -0.374556  1.000000       -0.229776   \n",
       "Focal Position  -0.086737  0.016853   0.093173 -0.229776        1.000000   \n",
       "Depth           -0.180495 -0.225976   0.003085  0.256139       -0.154135   \n",
       "Angle           -0.045658  0.063854   0.378708 -0.138409        0.060560   \n",
       "\n",
       "                   Depth     Angle  \n",
       "Frequency      -0.180495 -0.045658  \n",
       "Speed          -0.225976  0.063854  \n",
       "Amplitude       0.003085  0.378708  \n",
       "Passes          0.256139 -0.138409  \n",
       "Focal Position -0.154135  0.060560  \n",
       "Depth           1.000000 -0.458360  \n",
       "Angle          -0.458360  1.000000  "
      ]
     },
     "execution_count": 6,
     "metadata": {},
     "output_type": "execute_result"
    }
   ],
   "source": [
    "df1.corr(method='kendall')"
   ]
  },
  {
   "cell_type": "code",
   "execution_count": null,
   "metadata": {},
   "outputs": [],
   "source": []
  }
 ],
 "metadata": {
  "kernelspec": {
   "display_name": "Python 3",
   "language": "python",
   "name": "python3"
  },
  "language_info": {
   "codemirror_mode": {
    "name": "ipython",
    "version": 3
   },
   "file_extension": ".py",
   "mimetype": "text/x-python",
   "name": "python",
   "nbconvert_exporter": "python",
   "pygments_lexer": "ipython3",
   "version": "3.8.1"
  }
 },
 "nbformat": 4,
 "nbformat_minor": 4
}
